0.36145833 0.39296875 -0.01986998 0.10610324 0.00375694 143.32306165 0.01499404 0.01273033 0.05179758 0.03843439 0.04619916
0.38229167 0.4015625 -0.03120331 0.09517293 -0.00227002 138.66326118 0.01310623 0.01159797 0.04891432 0.0341438 0.04831621
0.38229167 0.4015625 -0.02637112 0.09782059 0.00779857 138.83803513 0.01382548 0.0129695 0.04762399 0.03602926 0.04905063
0.38229167 0.4015625 -0.02716809 0.09452995 0.01006612 139.43815834 0.01398961 0.01229234 0.04829502 0.03672273 0.04994085
0.38229167 0.4015625 -0.02912153 0.10249968 -0.01328053 140.83678497 0.01431812 0.01260398 0.04965969 0.03506428 0.04693723
0.38229167 0.4015625 -0.02427324 0.10080388 -0.00077414 140.11780758 0.01377782 0.01265726 0.05118932 0.03674935 0.04680894
0.38229167 0.4015625 -0.02826417 0.10529106 -0.01174764 140.83678497 0.01482228 0.01376355 0.04865137 0.034182 0.04807159
0.38229167 0.4015625 -0.018599 0.09903072 -0.00343293 137.37175838 0.0135128 0.01330083 0.04877855 0.03828626 0.04869906
0.38229167 0.4015625 -0.01682863 0.0907865 0.00437057 138.32028051 0.01455638 0.01332811 0.04476676 0.03598589 0.04928786
0.36145833 0.39296875 -0.02037739 0.10823972 0.01536334 141.96654535 0.01374383 0.01203205 0.05127887 0.03981741 0.04381156
0.38229167 0.4015625 -0.02127027 0.10436427 0.00063539 140.30680668 0.01346134 0.01153104 0.04937519 0.03731078 0.04660673
0.36145833 0.39296875 -0.01920507 0.10751924 0.00107382 144.94481709 0.01201866 0.0104003 0.05247751 0.03841211 0.04371936
0.36145833 0.39296875 -0.02301851 0.10967041 -0.00517957 142.97027663 0.01269538 0.01081187 0.05298305 0.04126611 0.0465742
0.36145833 0.39296875 -0.02975998 0.10108096 0.01312263 145.72920092 0.01245468 0.01094787 0.05278523 0.03889438 0.04030701
0.36145833 0.39296875 -0.02040587 0.10648867 0.00780186 145.04654425 0.01297621 0.01209687 0.05242769 0.03809682 0.0423034
0.36145833 0.39296875 -0.02411223 0.10155659 0.00767098 143.44511145 0.01317036 0.01076471 0.05149078 0.03788302 0.04228124
0.38229167 0.4015625 -0.02673489 0.10156911 -0.01467991 142.33587039 0.01322836 0.0114761 0.04785409 0.03309558 0.04358449
0.36145833 0.39296875 -0.029164 0.10940234 0.01277563 147.33465309 0.01206956 0.0122999 0.05122653 0.03777496 0.04341817
0.38229167 0.4015625 -0.01927343 0.11106309 -0.00222483 139.16357282 0.01308961 0.01172127 0.04876978 0.03609325 0.0455942
0.36145833 0.39296875 -0.01747701 0.10949886 0.00969015 145.97773803 0.01238884 0.01147376 0.05267604 0.03925479 0.0461062
0.36145833 0.39296875 -0.02873889 0.10618647 0.01869292 146.83153612 0.01333519 0.01110879 0.05510332 0.0413043 0.04327559
0.41145833 0.43046875 -0.05673792 0.08183353 -0.02619508 149.94498991 0.01552249 0.01418818 0.0550626 0.04065203 0.04501079
0.41145833 0.43046875 -0.05673792 0.08183353 -0.02619508 149.94498991 0.01552249 0.01418818 0.0550626 0.04065203 0.04501079
0.41145833 0.43046875 -0.03668949 0.10227816 -0.0088245 144.80158839 0.01359246 0.01147013 0.05472755 0.03991892 0.04812209
0.41145833 0.43046875 -0.05625677 0.11129704 -0.01499296 145.86294937 0.01513442 0.01358338 0.05760011 0.04013912 0.04526227
0.36145833 0.39296875 -0.04069751 0.10071088 0.01391214 144.32775201 0.0117376 0.01065745 0.05551955 0.03802117 0.0411416
0.36145833 0.39296875 -0.03413726 0.1058128 0.00467756 144.90341611 0.01314473 0.01112064 0.05210268 0.03412392 0.04433967
0.36145833 0.39296875 -0.04132089 0.10262085 0.02700666 145.11719402 0.01367586 0.01180018 0.05534451 0.0367064 0.04416164
0.38229167 0.37109375 -0.04872408 0.07807008 0.05963358 139.99464275 0.01056203 0.00941399 0.04837105 0.03237493 0.0455392
0.36145833 0.35546875 -0.05727119 0.07370435 0.10353366 141.76565169 0.01629556 0.01206618 0.05545466 0.03592487 0.04430899
0.36145833 0.35546875 -0.05346262 0.07894685 0.09895493 142.86182135 0.01668341 0.01278816 0.05433744 0.03459173 0.04444009
0.38229167 0.33984375 -0.06800946 0.05153299 0.11383173 140.312152 0.00863492 0.00805079 0.03735873 0.02473651 0.04406349
0.36145833 0.31953125 -0.06054087 0.08306243 0.13302683 143.47125148 0.01452585 0.01134376 0.05428974 0.03148076 0.03976389
0.36145833 0.31953125 -0.04656091 0.08900223 0.13352213 145.45617897 0.01332861 0.01087085 0.05279452 0.03261255 0.038946
0.36145833 0.31953125 -0.05332315 0.08505903 0.14376306 145.74292436 0.01240525 0.01033379 0.05246928 0.0333553 0.04199426
0.36145833 0.35546875 -0.03366905 0.08663853 0.08762232 148.39137441 0.01221617 0.01069482 0.04925068 0.03403724 0.0414396
0.36145833 0.39296875 -0.021754 0.08856186 0.04880871 148.50589214 0.01258275 0.01138116 0.04756507 0.0377936 0.04201052
0.36145833 0.43046875 -0.0157744 0.07723406 0.02369747 146.13178983 0.01077056 0.01023204 0.05176895 0.04076424 0.04589197
0.36145833 0.43046875 -0.01291242 0.08679223 0.01230959 146.09585894 0.01136151 0.0103542 0.04989693 0.04193216 0.04464955
0.36145833 0.46796875 0.0121573 0.08164198 -0.04835066 146.17968395 0.00825982 0.00931277 0.04953553 0.04523013 0.04506634
0.36145833 0.50546875 0.00727418 0.08296174 -0.06861555 143.89753299 0.01086615 0.01014174 0.05174704 0.04740057 0.04930819
0.36145833 0.50546875 0.00711409 0.09004067 -0.07997121 143.62276978 0.01253181 0.01202279 0.05068477 0.04906072 0.04867289
0.36145833 0.50546875 0.00858773 0.0932744 -0.06284943 143.17471844 0.01458608 0.01439095 0.05256354 0.05110005 0.04658764
0.36145833 0.50546875 0.00915548 0.09234056 -0.07646676 143.60362112 0.01168655 0.01020755 0.0556687 0.05404422 0.04519445
0.36145833 0.46796875 -0.00584313 0.09446301 -0.03777779 145.60219779 0.0109434 0.01139151 0.05301887 0.04613208 0.04771226
0.36145833 0.43046875 -0.00035372 0.0885381 -0.00208404 143.09786861 0.01047517 0.010524 0.05655125 0.05054451 0.04925038
0.41145833 0.43046875 -0.04376503 0.0701907 0.01810144 142.70774331 0.00940316 0.00878937 0.04627925 0.03830007 0.04583732
0.36145833 0.39296875 -0.05157058 0.0787849 0.06884204 143.56183337 0.01436196 0.01217855 0.06023775 0.03930131 0.0442261
0.38229167 0.37109375 -0.04388899 0.06390598 0.06944484 139.90711204 0.00812302 0.00865945 0.04608154 0.03282415 0.04610708
0.38229167 0.37109375 -0.0519035 0.04588531 0.0882202 137.65355063 0.00593715 0.00577882 0.04105866 0.02659841 0.04649445
0.36145833 0.35546875 -0.04170782 0.08043166 0.09954045 144.41087217 0.01524851 0.01311468 0.05706202 0.03888849 0.04397133
0.38229167 0.37109375 -0.04460486 0.07030607 0.07882222 141.38776468 0.00997974 0.0094795 0.04689728 0.03364098 0.04669718
0.36145833 0.39296875 -0.03384956 0.09002553 0.040939 146.23098167 0.01302406 0.01101316 0.05883041 0.04138705 0.04660135
0.38229167 0.4015625 -0.02108566 0.08781901 0.06134297 142.51315729 0.00950271 0.01014279 0.05558838 0.0410389 0.04862137
0.41145833 0.43046875 -0.02068991 0.06371431 0.05953573 144.82403116 0.00996472 0.00932106 0.05504434 0.04476971 0.04991895
0.41145833 0.46796875 -0.00495473 0.07126911 -0.00492951 149.13584412 0.00962165 0.00944181 0.05772992 0.05242452 0.04633231
0.41145833 0.50546875 0.02325643 0.07336285 -0.05660269 145.91949835 0.00946343 0.00998004 0.05847129 0.05581778 0.04748151
0.41145833 0.54296875 0.03196117 0.02271144 -0.10554232 141.5927258 0.00867895 0.00985111 0.02476495 0.03172307 0.06012919
0.41145833 0.54296875 0.03893334 0.08694722 -0.10023585 143.53048457 0.0086889 0.00793651 0.05349255 0.05723023 0.05324984
0.41145833 0.54296875 0.04347281 0.08108471 -0.10892616 150.28306625 0.00737215 0.00710649 0.05127297 0.05302192 0.04883772
0.41145833 0.54296875 0.0409237 0.0855812 -0.11764141 151.70201053 0.00953788 0.00919026 0.0437352 0.04564712 0.04477807
0.41145833 0.54296875 0.02400723 0.07919592 -0.081255 143.20090782 0.01287397 0.01404433 0.04871626 0.04954527 0.05171531
0.36145833 0.50546875 0.01473414 0.09312907 -0.08380212 146.23782001 0.01054453 0.01077833 0.05400856 0.04828038 0.04984686
0.36145833 0.50546875 0.00431248 0.09192648 -0.07614602 146.94046413 0.01204178 0.01097654 0.0510386 0.04511034 0.04770396
0.36145833 0.46796875 -0.00630438 0.07738278 -0.03283143 146.5145044 0.01320662 0.0126942 0.05564484 0.04350965 0.04786528
0.36145833 0.43046875 -0.01173274 0.08249553 0.02084941 148.32396974 0.01118182 0.01079545 0.05543182 0.04472727 0.04770455
0.36145833 0.43046875 -0.01436714 0.08232808 0.02959253 149.20455757 0.01224059 0.01069086 0.05666607 0.04316773 0.0464244
0.36145833 0.43046875 -0.01742895 0.07811123 0.02571087 145.38053515 0.0132242 0.01144993 0.0594734 0.04501904 0.04646211
0.36145833 0.43046875 -0.01486021 0.08219647 0.01735898 148.35767591 0.01317583 0.01140391 0.0567015 0.04361654 0.04877328
0.36145833 0.43046875 -0.01561715 0.08757402 0.01828792 151.29937211 0.01286504 0.01096477 0.05683332 0.04241749 0.0465675
0.36145833 0.43046875 -0.01001476 0.08407308 0.00708473 148.30542809 0.01261679 0.01141194 0.05742345 0.044011 0.04921685
0.36145833 0.46796875 -0.0125709 0.08683152 0.00378632 149.50083612 0.01214738 0.01131966 0.05355585 0.04330999 0.04939487
0.36145833 0.46796875 -0.01379812 0.09269921 0.00302738 151.98190682 0.0115159 0.01073663 0.0521246 0.04104163 0.04781696
0.36145833 0.46796875 -0.01116136 0.09424238 -0.00647005 153.43402491 0.0128069 0.01178744 0.05564523 0.04562059 0.04676748
0.41145833 0.46796875 -0.03194885 0.03977653 -0.07372143 154.64313758 0.01156202 0.01239834 0.02550754 0.02538209 0.05423488
0.41145833 0.46796875 -0.02383625 0.09620573 -0.00648079 166.6733332 0.01297696 0.01198704 0.05079194 0.03776098 0.04694024
0.41145833 0.46796875 -0.01846689 0.10382163 -0.01175672 163.64901466 0.01295695 0.0117434 0.05272395 0.04183936 0.04910198
0.43333333 0.4515625 -0.00942583 0.10960242 0.00328471 173.13000895 0.01179355 0.0094582 0.05349636 0.04278708 0.04707413
0.43333333 0.4515625 -0.00718123 0.12509466 -0.01741086 176.59416751 0.01197672 0.01018101 0.05428805 0.04375431 0.04572638
0.43333333 0.4515625 -0.03279102 0.12065982 -0.00026211 184.78230435 0.01399933 0.0121103 0.05432793 0.04031396 0.04261301
0.49375 0.4515625 -0.05459938 0.09876257 -0.04140776 196.47900651 0.01464874 0.01327583 0.03178427 0.02899959 0.04200342
0.49375 0.4515625 -0.03466876 0.12459735 -0.00352792 191.09160107 0.01239183 0.01209059 0.04962208 0.03672363 0.04296747
0.49375 0.4515625 -0.04146013 0.12811931 -0.01179951 191.40402295 0.01359337 0.01146429 0.04981507 0.03495244 0.04258165
0.49375 0.4515625 -0.04268109 0.11978099 0.00524555 186.77928151 0.01410288 0.01228269 0.0526708 0.03574449 0.04391383
0.49375 0.4515625 -0.04866872 0.07279209 -0.0405083 184.80665572 0.01585489 0.01493258 0.02308695 0.02411173 0.04459279
0.49375 0.4515625 -0.03866148 0.08170341 -0.04507539 180.24705268 0.01780603 0.01552833 0.02656284 0.02527009 0.04398412
0.43333333 0.4515625 -0.04298907 0.11703013 0.00195507 179.84854739 0.0143142 0.01439149 0.0569631 0.04108763 0.04484395
0.43333333 0.4515625 -0.05707692 0.09799228 -0.01233354 187.75382819 0.01622626 0.01412706 0.05500475 0.03782818 0.0395586
0.41145833 0.43046875 -0.02127006 0.10086196 0.01505923 164.83324907 0.00769231 0.0076371 0.06378358 0.0500184 0.04965035
0.37291667 0.4515625 -0.01446274 0.10178333 0.01316254 165.32543664 0.01141498 0.01132352 0.05798957 0.04712339 0.04829416
0.36145833 0.43046875 -0.01286201 0.09716869 0.01389047 159.74510947 0.01250073 0.01208927 0.05302036 0.04353704 0.04694633
0.37291667 0.4515625 -0.01896385 0.07917421 0.00982773 159.72789362 0.01124917 0.00983812 0.0611649 0.05258104 0.05036648
0.37291667 0.4515625 -0.02934263 0.07587318 0.0035526 160.54438639 0.01099924 0.00969951 0.06273643 0.04921531 0.04463714
0.36145833 0.46796875 -0.01770067 0.0571692 -0.00676053 153.69124894 0.007578 0.00681597 0.05198764 0.04601837 0.05084459
0.36145833 0.46796875 -0.01782132 0.05795646 -0.00056178 148.0084457 0.00689293 0.00687011 0.06194508 0.05046447 0.05051012
0.31145833 0.46796875 -0.0173386 0.05723636 0.01001418 144.46798953 0.00711514 0.00749844 0.06264673 0.05462124 0.05114753
0.31145833 0.46796875 -0.01454141 0.05988821 0.00508177 143.87320807 0.0067876 0.00683591 0.06323824 0.05273074 0.05118481
0.31145833 0.43046875 -0.00270272 0.05105016 0.02261197 140.48843369 0.00651061 0.00668795 0.06432082 0.05403557 0.04952627
0.3 0.4328125 -0.0022901 0.05168976 0.01665243 141.32232662 0.00658422 0.00613359 0.06176147 0.05017024 0.04916884
0.3 0.4328125 0.00487502 0.05352877 0.00866166 138.59834054 0.0065072 0.006325 0.0603087 0.05002733 0.04935058
0.3 0.46328125 -0.01183807 0.0331971 0.00438898 138.428682 0.00649706 0.00686236 0.04746249 0.03971298 0.05317678
0.3 0.46328125 -0.01895465 0.02791533 0.01076183 136.87768262 0.00656508 0.00579115 0.04382055 0.03957727 0.05577647
0.3 0.46328125 -0.01194691 0.02738904 0.00537897 138.4702134 0.01269949 0.01249087 0.03648169 0.03314384 0.05215396
0.31145833 0.46796875 -0.01130845 0.04972523 0.00742952 138.211794 0.0108101 0.01041748 0.05740086 0.04855385 0.05248004
0.31145833 0.46796875 -0.00854694 0.05450191 0.00603339 140.68937415 0.01260515 0.01275671 0.05388132 0.04299391 0.05261828
0.31145833 0.46796875 -0.00785599 0.05461204 0.00292935 142.19001371 0.01140073 0.01140073 0.0524038 0.04270947 0.0498071
0.31145833 0.46796875 -0.00107935 0.0545075 0.00735151 141.85027318 0.01152996 0.01252392 0.05397212 0.04341128 0.05106478
0.31145833 0.46796875 -0.00892632 0.05247233 -0.00938061 141.12937327 0.01192419 0.01079453 0.0544496 0.04480984 0.05367139
0.31145833 0.46796875 -0.00359661 0.05343213 -0.00823491 142.97202524 0.01237709 0.01156988 0.05376449 0.04557018 0.0515875
0.31145833 0.46796875 -0.01005995 0.05477494 -0.00153178 139.47221946 0.01002442 0.01023005 0.05842437 0.04726899 0.04911965
0.31145833 0.46796875 -0.00426138 0.05801863 -0.00160059 144.85510001 0.0084354 0.00857837 0.05997712 0.04977839 0.04968308
0.31145833 0.46796875 -0.00575467 0.06613758 0.0064897 148.93287078 0.01271358 0.01154141 0.04954691 0.04233353 0.04702223
0.31145833 0.46796875 -0.00465526 0.06357602 0.00895968 149.63288409 0.01373381 0.0138008 0.04830281 0.04205002 0.04906208
0.36145833 0.46796875 -0.00882716 0.06476472 -0.00800918 156.62534916 0.01053747 0.00925341 0.05715101 0.04861097 0.0511791
0.36145833 0.46796875 -0.00882716 0.06476472 -0.00800918 156.62534916 0.01053747 0.00925341 0.05715101 0.04861097 0.0511791
0.36145833 0.46796875 0.00037009 0.06767222 0.00073205 162.47769078 0.01119361 0.00952688 0.05553241 0.04933899 0.05106254
0.37291667 0.4953125 -0.00327327 0.04947106 -0.05436752 170.11025836 0.01143844 0.01143844 0.03483369 0.03661339 0.04361123
0.37291667 0.4953125 -0.00810671 0.07567426 -0.02670464 168.88161534 0.01050103 0.00965955 0.06028891 0.05096245 0.04948985
0.37291667 0.4953125 -0.00155605 0.08237326 -0.02601643 178.79876957 0.01011918 0.00946229 0.05786856 0.04893803 0.04997028
0.37291667 0.4515625 0.00673802 0.07652793 -0.02524228 181.30361276 0.00999361 0.00924827 0.05956618 0.0493292 0.04834048
0.37291667 0.4515625 0.00249306 0.08400521 -0.03502881 195.21654643 0.01119144 0.01113895 0.05526181 0.04491006 0.04941025
0.37291667 0.4515625 -0.00810475 0.08143971 -0.00681872 200.00499994 0.00874956 0.00843708 0.06234688 0.049985 0.05085996
0.37291667 0.4515625 -0.00810475 0.08143971 -0.00681872 200.00499994 0.00874956 0.00843708 0.06234688 0.049985 0.05085996
0.37291667 0.4515625 -0.00810475 0.08143971 -0.00681872 200.00499994 0.00874956 0.00843708 0.06234688 0.049985 0.05085996
0.44895833 0.5015625 -0.01741549 0.07926158 0.01028303 214.01168192 0.01420275 0.01335124 0.05312111 0.0465492 0.04741163
0.44895833 0.5015625 -0.0120896 0.07327614 0.00660118 207.68967235 0.01198563 0.01009621 0.05368031 0.052185 0.0534137
0.44895833 0.5015625 -0.00082606 0.04952949 -0.01471526 201.22996795 0.01222418 0.01286626 0.03783323 0.03894452 0.05365059
0.44895833 0.5015625 -0.00642695 0.07212394 -0.00375216 203.88354519 0.01195617 0.01105404 0.0541155 0.05179403 0.05085582
0.44895833 0.5015625 -0.00480542 0.0744106 -0.01078381 202.4302349 0.01178681 0.01087169 0.05682317 0.05145444 0.05421202
0.44895833 0.5015625 -0.00809381 0.06633652 -0.00291873 203.11326889 0.01179251 0.01218034 0.04445522 0.04405527 0.05236941
0.44895833 0.5015625 -0.00565218 0.07867618 -0.00351952 201.36161501 0.01414425 0.01378664 0.05826643 0.05211301 0.05298854
0.44895833 0.5015625 -0.00825655 0.07710128 0.0044834 202.98029461 0.01296085 0.01260892 0.05870003 0.05178272 0.05169777
0.44895833 0.5015625 -0.00228796 0.07691819 -0.01685319 206.3734479 0.01298427 0.01105893 0.06015497 0.05359239 0.05137356
0.44895833 0.5015625 0.0015828 0.06403316 -0.00937607 202.38082913 0.0112066 0.01102349 0.04695053 0.046096 0.05456809
0.44895833 0.5015625 0.0015828 0.06403316 -0.00937607 202.38082913 0.0112066 0.01102349 0.04695053 0.046096 0.05456809
0.44895833 0.5015625 -0.0093698 0.04483643 -0.02569668 203.48341456 0.01213607 0.01237758 0.03254399 0.03699992 0.05269831
0.44895833 0.5015625 0.00390636 0.04993935 -0.0163839 203.34084686 0.01104057 0.01218937 0.03528629 0.03705182 0.05182901
0.44895833 0.5015625 -0.00752222 0.07097581 0.00732979 203.2080215 0.0134767 0.012617 0.05044377 0.04385678 0.05357986
0.44895833 0.5015625 0.00219367 0.05821805 -0.01094687 201.49565752 0.01188409 0.01224123 0.0422778 0.04213002 0.05544267
0.44895833 0.5015625 0.00535276 0.04863709 0.00861301 204.01102911 0.01150875 0.01197727 0.03636429 0.03977607 0.05247414
0.44895833 0.5015625 0.00027837 0.06768482 0.00993391 203.21786339 0.01175616 0.01220413 0.04687935 0.0436225 0.05327199
0.44895833 0.5015625 0.00560793 0.08018376 0.00532691 205.61979477 0.0113885 0.01066711 0.05516858 0.04981137 0.05190459
0.44895833 0.5015625 0.00308631 0.08337359 -0.00105743 204.30124816 0.01127243 0.00999066 0.05946477 0.05261266 0.05109131
0.44895833 0.5015625 0.00503877 0.05773327 0.00201645 202.83737328 0.01228642 0.01235933 0.04084534 0.0413193 0.05008142
0.44895833 0.5015625 -0.00053296 0.05677133 0.00779078 202.39565213 0.00956938 0.00889806 0.04533249 0.04484425 0.05465775
0.44895833 0.5015625 -0.00012455 0.07434187 0.007347 202.74368054 0.01164092 0.01109354 0.05842355 0.0524997 0.05163605
0.44895833 0.5015625 -0.0016936 0.06159901 0.01024793 201.26350886 0.01152887 0.01146715 0.04825092 0.04306663 0.05200336
0.44895833 0.5015625 0.00840298 0.05048916 -0.01358777 201.67920071 0.01263691 0.01402599 0.03414916 0.03805824 0.05337496
0.44895833 0.5015625 0.00467004 0.08072913 -0.0052942 200.87309427 0.01237918 0.01110285 0.06013631 0.05249071 0.05258984
0.44895833 0.5015625 -0.0004435 0.07986689 -0.00168622 202.63143882 0.01210439 0.01175124 0.05960862 0.05228997 0.05182723
0.44895833 0.5015625 0.00460264 0.07038397 0.00039477 203.22647465 0.01140408 0.01043558 0.05682671 0.05064042 0.05283165
0.44895833 0.5015625 0.000393 0.07829796 0.00709811 203.61974364 0.01107064 0.01073298 0.06098502 0.05466583 0.05173537
0.44895833 0.5015625 0.00347823 0.08017342 -0.00081253 200.85691424 0.01189783 0.01093113 0.05863398 0.0524372 0.05052859
0.43333333 0.4953125 0.01379896 0.06981873 0.00213494 191.27205755 0.01396747 0.0130108 0.05078584 0.04628946 0.04784748
0.43333333 0.4953125 0.01737719 0.07172879 0.00370489 184.89591667 0.01142264 0.01178828 0.0445205 0.04529566 0.04922996
0.37291667 0.4953125 0.01525611 0.08375563 -0.00294623 179.88607506 0.01021354 0.01067709 0.05347817 0.04701938 0.04443895
0.37291667 0.4953125 0.01270329 0.06856788 -0.00022204 161.64776522 0.00907003 0.00853425 0.05973976 0.0528894 0.04915806
0.31145833 0.50546875 0.00942002 0.05016602 -0.00198707 151.73990905 0.00988056 0.01042345 0.05248643 0.0454506 0.0548317
0.31145833 0.50546875 0.00800938 0.03455538 0.00358424 148.04897838 0.00930721 0.00951251 0.03998905 0.04060497 0.05280927
0.3 0.49453125 0.0154582 0.03164451 0.01536259 137.29166034 0.00944347 0.01045148 0.04870285 0.04883548 0.05586503
0.3 0.49453125 0.01423002 0.01533315 -0.00667068 137.20787149 0.01003931 0.01057049 0.03819186 0.04018379 0.05683629
0.3 0.49453125 0.01710054 0.02907822 0.01731908 130.25551812 0.00925353 0.00860519 0.05148381 0.04998084 0.05322253
0.3 0.49453125 0.01685328 0.03056126 0.02331102 127.32242536 0.00986984 0.009839 0.05591882 0.052341 0.05425328
0.3 0.49453125 0.01615275 0.02895987 0.00538451 126.50098814 0.00949852 0.01043587 0.05583503 0.05077332 0.05417903
0.3 0.49453125 0.00331735 -0.03504624 -0.04987817 127.07281377 0.00755535 0.00730763 0.02721784 0.02935439 0.05387831
0.3 0.49453125 0.01115362 0.02589935 0.01561256 126.61753433 0.0105726 0.01079092 0.0584768 0.05236402 0.05429765
0.3 0.49453125 -0.01493231 -0.02634839 -0.05558013 127.73018437 0.00802942 0.00711002 0.02856267 0.02880785 0.06166105
0.3 0.49453125 -0.010155 -0.01732194 -0.04010944 129.52798925 0.0082551 0.00837431 0.03150052 0.02965281 0.05462673
0.3 0.49453125 0.01592016 0.0287409 0.00376389 127.84561001 0.01015632 0.01037046 0.05760348 0.05475848 0.0575117
0.3 0.49453125 0.01538528 0.0320153 -0.00231656 127.23403633 0.01170584 0.01013065 0.06081478 0.05676869 0.05544059
0.3 0.49453125 0.01954332 0.03192408 -0.0014509 128.36860987 0.01131778 0.01104469 0.05604272 0.05358497 0.0573778
0.3 0.49453125 0.0167046 0.0328111 -0.00000742 126.87789406 0.01130575 0.01040502 0.05637346 0.05388868 0.05565909
0.3 0.49453125 0.01275186 0.03173102 0.00574177 127.5950626 0.00964344 0.01028838 0.05629434 0.05224041 0.05466663
0.3 0.49453125 0.02107368 0.03136407 -0.01768727 127.48725426 0.01107488 0.01076724 0.05774319 0.05549745 0.05315942
0.3 0.49453125 0.01312653 0.02551524 0.00519622 128.11323117 0.0098093 0.00910863 0.05660147 0.05401206 0.05657101
0.3 0.49453125 0.01679601 0.03016039 0.01042709 128.31796445 0.00971729 0.00868483 0.05757493 0.05247335 0.05368801
0.3 0.49453125 0.01580774 0.03018909 0.00563355 127.72822711 0.00986852 0.00870391 0.05752551 0.05418493 0.05700451
0.3 0.49453125 0.02015411 0.02772686 0.00262706 127.72626981 0.01063504 0.01051244 0.05568837 0.05418659 0.05669977
0.3 0.49453125 0.00169335 0.00072604 -0.03236014 128.28483932 0.00941848 0.00978307 0.04162363 0.04019566 0.05903263
0.3 0.49453125 0.01008338 0.02629827 0.00499477 127.61465433 0.01175893 0.01123699 0.05710601 0.05630776 0.05851831
0.3 0.49453125 0.01199347 0.02164283 0.00637446 128.63125592 0.01087876 0.01051614 0.05091865 0.05197631 0.05811072
0.3 0.49453125 0.01043742 0.03144321 0.00563952 129.36962549 0.01102381 0.01108356 0.05571655 0.05446181 0.05706091
0.3 0.49453125 0.00421405 -0.019459 -0.01957367 131.99242403 0.00815061 0.00786362 0.02976122 0.02970382 0.05484445
0.3 0.49453125 0.00349627 0.01845901 -0.01022241 132.98308163 0.01009358 0.01043286 0.04427606 0.04506771 0.05349317
0.3 0.49453125 -0.00870058 -0.01124875 -0.05184033 134.00373129 0.00799131 0.00721167 0.02867962 0.0297934 0.05218021
0.31145833 0.46796875 0.01909154 0.0350613 0.00188705 132.33291352 0.01042143 0.01059274 0.06007309 0.0578175 0.05584742
0.31145833 0.46796875 0.01303295 0.04510229 0.01188163 136.29563456 0.01006648 0.01130461 0.05587705 0.05299707 0.05159745
0.31145833 0.46796875 0.02111584 0.04793648 0.01669709 138.84343701 0.00931137 0.00912981 0.06009597 0.05662041 0.05187395
0.31145833 0.46796875 0.02111584 0.04793648 0.01669709 138.84343701 0.00931137 0.00912981 0.06009597 0.05662041 0.05187395
0.31145833 0.46796875 0.01292501 0.0465776 -0.00510545 142.58330898 0.0114363 0.01160846 0.05956714 0.05400885 0.05368913
0.36145833 0.46796875 0.00944794 0.04941765 -0.00205932 149.30338241 0.01134962 0.01291972 0.05230693 0.04535361 0.05434807
0.36145833 0.46796875 0.01143332 0.04796879 -0.00063071 149.09393012 0.0124612 0.01228125 0.05686266 0.05011472 0.05513069
0.36145833 0.46796875 0.00512047 0.05769704 0.01144554 155.28522145 0.01478425 0.01468057 0.05370436 0.04881083 0.05559127
0.37291667 0.4953125 0.00034351 0.03666796 -0.00856965 164.60255162 0.01354543 0.01515096 0.03832952 0.03976895 0.05434783
0.37291667 0.4953125 0.00615814 0.06650449 -0.00491868 170.89763018 0.01321646 0.01258303 0.0533452 0.04733616 0.04978429
0.37291667 0.4953125 -0.00243232 0.07231933 -0.00058479 174.24121212 0.01437747 0.01254941 0.04986825 0.04739789 0.05003294
0.37291667 0.4953125 0.00696734 0.07659666 -0.00047089 180.11107684 0.01371763 0.01297781 0.05668927 0.04848952 0.05064735
0.37291667 0.4953125 0.00696734 0.07659666 -0.00047089 180.11107684 0.01371763 0.01297781 0.05668927 0.04848952 0.05064735
0.43333333 0.4953125 0.00201478 0.04975905 -0.00136994 189.066126 0.01282661 0.01257483 0.03253511 0.03764058 0.05025737
0.43333333 0.4953125 0.00676981 0.08115442 0.01900704 190.4219 0.01281008 0.01188621 0.0526744 0.04663477 0.04955806
0.43333333 0.4953125 0.00041311 0.08680176 0.01737976 195.80602646 0.01189358 0.0103808 0.05105634 0.0456964 0.04526604
0.44895833 0.5015625 -0.00562103 0.08536469 0.00166728 205.64167865 0.01208366 0.01123237 0.05147972 0.0451423 0.04531965
0.44895833 0.5015625 -0.00099227 0.09139679 -0.00154423 202.07300661 0.01113057 0.00909792 0.05201611 0.04757123 0.04828144
0.44895833 0.5015625 -0.00974999 0.08972076 0.01316352 217.7337824 0.01090533 0.0085745 0.04752362 0.0435686 0.04159636
0.44895833 0.5015625 0.00241276 0.10034708 -0.00084016 217.88873307 0.01266969 0.01009995 0.05593411 0.0480669 0.0451496
0.44895833 0.5015625 0.00566726 0.10251679 -0.00063425 223.35957557 0.00896982 0.00673488 0.05160404 0.04612193 0.04283466
0.52083333 0.5015625 0.00461746 0.09921058 0.01432251 217.11287387 0.01277101 0.01188001 0.05096737 0.04665026 0.04999151
0.52083333 0.5015625 -0.00178461 0.09984488 0.02649599 218.20632438 0.01008107 0.00917797 0.04384215 0.03926366 0.04853614
0.44895833 0.5015625 -0.00483984 0.11062092 0.03079999 223.88948166 0.00993486 0.0082591 0.05216801 0.04637268 0.04478669
0.44895833 0.5015625 0.00363269 0.10955516 0.02866791 216. 0.01087749 0.00975223 0.05623071 0.04819316 0.04920053
0.44895833 0.5015625 -0.00069611 0.10983962 0.02269842 212.65347399 0.01187488 0.01028272 0.05724047 0.04963347 0.04870471
0.52083333 0.5015625 -0.00026546 0.10171905 0.01749511 214.30935584 0.01108244 0.0108756 0.04352417 0.03997518 0.04909805
0.49375 0.4953125 -0.00532715 0.0968721 0.00867346 215.02790517 0.01322534 0.01271709 0.03965439 0.03717802 0.04755931
0.52083333 0.5015625 -0.00471635 0.10524186 0.02024937 217.11978261 0.01074436 0.00990645 0.048461 0.04180013 0.04729429
0.49375 0.4953125 0.00362753 0.10308277 0.00345518 213.15839181 0.01154358 0.01105939 0.04450167 0.03818516 0.04914551
0.44895833 0.5015625 0.00235622 0.11337387 0.0046731 218.50743694 0.01059786 0.00906892 0.0544135 0.046884 0.04338629
0.44895833 0.5015625 0.00263145 0.11272421 0.00314589 217.22223643 0.01004546 0.00879507 0.05214526 0.04623242 0.04368927
0.44895833 0.5015625 0.00263145 0.11272421 0.00314589 217.22223643 0.01004546 0.00879507 0.05214526 0.04623242 0.04368927
0.49375 0.4953125 0.00040543 0.10850378 0.01074027 217.69703719 0.01154203 0.00999114 0.050441 0.04412137 0.04633693
0.44895833 0.5015625 0.00959512 0.11652043 -0.01467956 216.91242472 0.00973412 0.00848016 0.05360141 0.04761854 0.04555695
0.44895833 0.5015625 0.00959512 0.11652043 -0.01467956 216.91242472 0.00973412 0.00848016 0.05360141 0.04761854 0.04555695
0.44895833 0.5015625 0.00518118 0.1099279 0.00508761 212.91195363 0.00905551 0.0077209 0.05405733 0.04816739 0.04656806
0.49375 0.4953125 0.00252113 0.10860128 0.0064885 212.12614172 0.01178954 0.01133396 0.05069171 0.0454803 0.04652481
0.49375 0.4953125 0.00450435 0.10866155 0.00051067 212.00943375 0.01220299 0.01174691 0.05179318 0.04610884 0.04715449
0.44895833 0.5015625 0.00986976 0.10860164 -0.00722182 208.50179855 0.00891358 0.00800497 0.05383801 0.04901893 0.04549951
0.43333333 0.4953125 0.01047943 0.10702363 0.01038787 209.95237555 0.00755445 0.00669238 0.04924002 0.04447595 0.04208258
0.43333333 0.4953125 0.01213288 0.1011061 0.00266319 197.77891698 0.00904989 0.00801452 0.04941649 0.04567126 0.04407347
0.43333333 0.4953125 0.01688752 0.08923408 -0.0121226 188.55237999 0.00994318 0.00781953 0.04972997 0.0460171 0.04352779
0.37291667 0.4953125 0.02093162 0.0764877 -0.04059202 175.63741059 0.00987082 0.00883349 0.0491596 0.04692286 0.04491304
0.36145833 0.50546875 0.01483986 0.07811448 -0.03707289 164.6572197 0.01204264 0.01160003 0.05252287 0.04938772 0.04837341
0.36145833 0.50546875 0.01622608 0.07692313 -0.03514815 161.80080346 0.0139804 0.01340744 0.05206364 0.04866403 0.04719341
0.36145833 0.50546875 0.02117591 0.0640079 -0.04695003 154.23683088 0.01265291 0.01366178 0.05323889 0.04724873 0.0497709
0.31145833 0.50546875 0.01944419 0.06057838 -0.0451108 149.30338241 0.01630666 0.01623937 0.05358545 0.04891999 0.05383218
0.31145833 0.50546875 0.0183995 0.05829448 -0.0488785 147.66685478 0.0144459 0.01465227 0.05659123 0.05374791 0.05361033
0.31145833 0.50546875 0.01110976 0.05613037 -0.04552253 146.85026387 0.01277533 0.01187109 0.05411546 0.05346626 0.05126362
0.31145833 0.50546875 0.01110976 0.05613037 -0.04552253 146.85026387 0.01277533 0.01187109 0.05411546 0.05346626 0.05126362
0.31145833 0.50546875 0.01256156 0.0541921 -0.04290668 144.31042928 0.01294087 0.01193249 0.05514874 0.05646923 0.05113923
0.31145833 0.50546875 0.010037 0.05207373 -0.04061228 146.12494654 0.01358155 0.01173165 0.05327245 0.05221871 0.04999415
0.31145833 0.50546875 0.01041695 0.05434284 -0.03503965 145.7772273 0.01378759 0.01414051 0.0531975 0.04828008 0.05430333
0.31145833 0.50546875 0.01459703 0.05252373 -0.0352951 143.2585076 0.01313161 0.0112313 0.05739902 0.05515763 0.05637577
0.31145833 0.50546875 0.00756963 0.05164422 -0.03811778 145.34097839 0.01183488 0.01178754 0.056121 0.05190778 0.05363568
0.31145833 0.50546875 0.0096095 0.05803198 -0.02895767 144.87580888 0.01419791 0.01350708 0.05312306 0.04831102 0.04814427
0.31145833 0.50546875 0.00380077 0.05264491 -0.03116996 145.54896083 0.01260355 0.01173027 0.05317567 0.04947013 0.05145271
0.31145833 0.50546875 0.01322726 0.05724759 -0.01825104 147.53474167 0.01045184 0.00957894 0.05490088 0.04954862 0.05042152
0.31145833 0.50546875 0.00911165 0.05295138 -0.00588621 146.25491445 0.01505341 0.01313667 0.04908721 0.04824572 0.05165845
0.31145833 0.50546875 0.00129795 0.06104053 0.00213662 143.13105882 0.00866424 0.00868865 0.05999073 0.05171698 0.05298611
0.31145833 0.50546875 -0.0061718 0.05582398 -0.00560668 142.92130702 0.0093506 0.00815118 0.06070546 0.05262771 0.05412087
0.31145833 0.50546875 0.00044203 0.05581687 -0.00960426 147.10880327 0.00787856 0.00776304 0.05900836 0.05309366 0.05175362
0.31145833 0.50546875 -0.00464593 0.05378132 -0.00150203 145.26527458 0.00945408 0.007677 0.05148801 0.04670173 0.05435504
0.31145833 0.50546875 -0.00345572 0.05145028 -0.01166282 143. 0.00809331 0.00760428 0.06171451 0.05068708 0.05367011
0.31145833 0.50546875 -0.0039427 0.05757201 -0.02934477 146.08559135 0.00941849 0.0080596 0.05915843 0.05250457 0.05416803
0.31145833 0.50546875 -0.00803704 0.05494309 -0.01566619 146.81621164 0.00904662 0.00779402 0.05968453 0.05147298 0.05363025
0.31145833 0.50546875 -0.00282583 0.05569527 -0.02425487 146.2822614 0.00911279 0.00757062 0.05899946 0.05248031 0.05273734
0.31145833 0.50546875 0.00015992 0.05282358 -0.02178653 144.62710673 0.00932256 0.00824688 0.05980781 0.05521824 0.05390352
0.31145833 0.50546875 0.00094325 0.05495455 -0.01552177 144.33987668 0.00871172 0.00875972 0.06019007 0.05675818 0.05159835
0.31145833 0.50546875 0.00003965 0.06352785 -0.02002387 144.99310328 0.00975122 0.00772963 0.0610284 0.05298958 0.05077772
0.31145833 0.50546875 0.00461563 0.04983623 -0.03066487 142.7392728 0.00979165 0.00854009 0.05811186 0.05313014 0.05479889
0.31145833 0.50546875 0.00352013 0.05889496 -0.01372711 145.14647774 0.01003916 0.00904236 0.05857363 0.05228432 0.05475258
0.31145833 0.50546875 0.00079308 0.07418651 -0.01742508 146.4342856 0.00890734 0.00802127 0.05808422 0.05190505 0.05246467
0.36145833 0.50546875 -0.02116385 0.05514836 0.0063912 145.02930738 0.00955618 0.00922338 0.05272541 0.04112487 0.04732926
0.36145833 0.50546875 -0.04745782 0.05801637 -0.00155061 151.32911154 0.00820943 0.00700858 0.05836117 0.04395101 0.043558
0.36145833 0.50546875 -0.02173215 0.09015594 0.01015531 145.06205569 0.01040726 0.00910041 0.05495889 0.04322102 0.04559711
0.36145833 0.50546875 -0.02173215 0.09015594 0.01015531 145.06205569 0.01040726 0.00910041 0.05495889 0.04322102 0.04559711
0.36145833 0.50546875 -0.02603264 0.09998979 -0.02546667 149.03690818 0.01062489 0.01019719 0.05224653 0.04272465 0.04315235