0.09312811 0.08289386 -0.00068727 -0.00738041 -0.0192709 28.91504799 0.25642917 0.24919641 0.00376206 0.00408677 0.04845217
0.18612558 0.16578214 -0.00168155 -0.01435128 -0.03840694 58.38253163 0.26942725 0.27255875 0.00751304 0.00801569 0.04859437
0.37211989 0.33155866 -0.00288915 -0.02870469 -0.07692238 116.79392107 0.30823463 0.29641488 0.01535334 0.01637018 0.04898984
0.46498609 0.41444133 -0.00194464 -0.03595468 -0.0930618 146.37732065 0.28397148 0.26986791 0.02007904 0.02135322 0.05478686
0.46498577 0.41444132 0.00277018 -0.03760236 -0.08537098 146.45033288 0.34068921 0.31074552 0.02167403 0.02290544 0.05472885
0.45790373 0.41404665 0.0091933 -0.03830111 -0.07269394 148.34560998 0.23167397 0.23139987 0.02481725 0.02483715 0.05300005
0.44369559 0.41325485 0.01322264 -0.03171416 -0.06383994 149.87327981 0.19150356 0.18952133 0.02834904 0.02723918 0.05048687
0.42948739 0.41246306 0.0181151 -0.01607736 -0.04777402 149.81261629 0.22570995 0.24257316 0.03452243 0.03206758 0.05621409
0.42946526 0.41246182 0.0198015 -0.00383081 -0.03083655 149.1492541 0.26522625 0.26460325 0.04027389 0.03629374 0.05019227
0.42893903 0.39354706 0.01009811 -0.00376355 -0.03188955 149.21206386 0.22572904 0.22662354 0.04002304 0.03513717 0.05381858
0.42788331 0.37460279 -0.00083755 -0.01255299 -0.04701681 150.00226665 0.2091482 0.21369534 0.0357213 0.03092798 0.0587864 
0.42682758 0.36510124 -0.00931957 -0.02842331 -0.05723519 149.42703905 0.22640979 0.2094961 0.03225352 0.02745888 0.05853754
0.42682594 0.36510115 -0.01332813 -0.04698742 -0.05600639 149.75399828 0.22535758 0.19167729 0.02899919 0.02474137 0.05377035
0.42682594 0.36510115 -0.01341959 -0.06240276 -0.04857284 150.03386284 0.22617332 0.20836811 0.02677229 0.02321506 0.04616682
0.42682594 0.36510115 -0.01158988 -0.06755678 -0.0467698 150.17030332 0.2250559 0.22490001 0.02600615 0.02336793 0.04816114
0.42682594 0.36510115 -0.00939215 -0.06839546 -0.04684627 150.28040458 0.19079649 0.1731322 0.02600371 0.02413605 0.05100497
0.42682594 0.36510115 -0.00797934 -0.06645536 -0.04746503 150.71748406 0.26043698 0.24518188 0.02610567 0.02461725 0.04581463
0.42682594 0.36510115 -0.00698908 -0.06331811 -0.04761169 150.63386074 0.18901453 0.17229192 0.02635437 0.02481457 0.05252719
0.42682594 0.36510115 -0.00604535 -0.05864687 -0.04911306 150.84170511 0.16932912 0.15278014 0.02698228 0.0250121 0.05031492
0.42682594 0.36510115 -0.00423572 -0.05052703 -0.04243548 151.98651256 0.15415013 0.15510537 0.0300271 0.02680796 0.04935162
0.42682594 0.36510115 -0.00051246 -0.03890314 -0.02845322 152.50121311 0.15494931 0.15488996 0.034804 0.02952459 0.04985772
0.42682594 0.36510115 0.00142135 -0.03058869 -0.01406911 150.4772408 0.19349284 0.15865105 0.03854692 0.03121461 0.04906629
0.42682594 0.36510115 0.00158162 -0.02588764 -0.00328804 149.24000804 0.19260932 0.15672038 0.04082172 0.03228751 0.05193059
0.42682594 0.36510115 0.00126682 -0.0244074 -0.00033821 149.48939762 0.13907174 0.13755277 0.04178041 0.03326207 0.05101823
0.42682594 0.36510115 0.00327704 -0.02368128 -0.00517938 150.12201704 0.19065673 0.17277387 0.04158242 0.03409302 0.05248302
0.42682594 0.36510115 0.00494508 -0.02307254 -0.00660433 149.65887879 0.15608476 0.15687807 0.04031411 0.03381241 0.05366005
0.42682594 0.36510115 0.0055215 -0.02284981 -0.00524047 149.28610116 0.17640639 0.1912785 0.03922234 0.03345699 0.05250509
0.42682594 0.36510115 0.00542544 -0.02334596 -0.00471631 149.36277983 0.19350341 0.19259327 0.03867889 0.032897 0.0558718 
0.42682594 0.36510115 0.00512827 -0.024387 -0.00564269 149.73556692 0.10654894 0.10656669 0.03872493 0.03216584 0.05224908
0.42682594 0.36510115 0.00586389 -0.02495322 -0.00944102 148.65019341 0.15707096 0.13946953 0.04027777 0.0330597 0.05274178
0.42682594 0.36510115 0.00825235 -0.02495799 -0.01138612 148.7208795 0.15759493 0.17351063 0.04209402 0.03456698 0.0512747 
0.42682594 0.36510115 0.01133 -0.0246287 -0.01070069 149.22700828 0.1237612 0.12262728 0.04299975 0.03545524 0.05318332
0.42682594 0.36510115 0.01450194 -0.02328323 -0.00908605 150.87305923 0.17793634 0.1768947 0.04217041 0.03474486 0.05383322
0.42726857 0.36906028 0.01598082 -0.02127659 -0.01174447 150.59780875 0.19845903 0.21390062 0.04083926 0.03403947 0.05857313
0.42801611 0.38798738 0.01928079 -0.0189083 -0.0097165 146.6105044 0.25741881 0.27261989 0.04032371 0.03540395 0.03708086
0.42951446 0.40144806 0.02540971 -0.01688011 0.00095882 143.08640746 0.23271229 0.23119802 0.04280344 0.04067033 0.06368801
0.42973743 0.40146049 0.03168343 -0.01314475 0.00881052 142.96670941 0.22808693 0.22645649 0.04681532 0.04672129 0.06059927
0.42987447 0.39595987 0.03369802 -0.01490292 0.00200568 144.7041119 0.22340098 0.25665621 0.04810758 0.0475227 0.05893931
0.42960039 0.4069611 0.03569536 -0.0159854 0.01303562 143.59951253 0.24590289 0.27573012 0.04526575 0.0446816 0.03927793
0.42946431 0.41246177 0.03874248 -0.00723005 0.04370338 143.91428004 0.28246072 0.31682447 0.04413254 0.04605454 0.03428055
0.42946526 0.41246182 0.03767133 0.00153546 0.05494462 144.9103861 0.24604318 0.26182148 0.04541673 0.04846261 0.04737482
0.42946526 0.41246182 0.03408953 0.00062332 0.0431863 147.38582021 0.22885713 0.25961681 0.04448665 0.04694667 0.05047112
0.42946526 0.41246182 0.02917933 -0.00076549 0.01963744 148.75153781 0.22888316 0.26551448 0.04162569 0.04167285 0.04467302
0.42946526 0.40301911 0.0285211 0.00484633 0.01179654 149.55025911 0.24166899 0.22469296 0.03997889 0.0396653 0.05342157
0.42841117 0.38407493 0.02549035 0.00360089 0.00262242 151.24946281 0.19048397 0.19075571 0.03957475 0.03821231 0.04889907
0.42735545 0.36513065 0.01835512 0.00171028 -0.00678802 151.9401856 0.24121012 0.24137971 0.04040078 0.03677646 0.05403719
0.42682594 0.36510115 0.01109246 -0.00291088 -0.01059748 152.11469357 0.29029937 0.28826189 0.04092804 0.03477004 0.05239923
0.42682594 0.36510115 0.01134629 -0.00254915 -0.00906504 152.33003643 0.2629291 0.25693545 0.04121288 0.03455177 0.05154037
0.42682594 0.36510115 0.01276918 -0.00139208 -0.00818275 152.13474291 0.29625914 0.29424096 0.04060924 0.03433414 0.05223931
0.42682594 0.36510115 0.01347092 -0.00164741 -0.00738704 152.17614793 0.24305225 0.24231339 0.0405149 0.03451412 0.05124408
0.42682594 0.36510115 0.01224725 -0.00231872 -0.00696619 152.6369549 0.2918671 0.27311692 0.04136347 0.03500562 0.05649316
0.42682594 0.37454386 0.01110362 -0.00216541 -0.0104491 149.24597147 0.28035255 0.262483 0.04172117 0.0355226 0.02316115
0.4273538 0.37457328 0.01159522 0.00034783 -0.01665794 148.50340063 0.27653372 0.27411683 0.04272704 0.03692108 0.05280576
0.4273538 0.37457328 0.01292626 0.00345389 -0.02386455 148.54857791 0.25752783 0.2574093 0.04376398 0.03891352 0.05588643
0.42682758 0.36510124 0.01429728 0.00740953 -0.02541525 151.01787974 0.25982566 0.25672615 0.04568081 0.04105569 0.05390943
0.42682594 0.36510115 0.01523324 0.01211152 -0.02283885 150.43629881 0.22464119 0.22396886 0.04760954 0.04362168 0.05424556
0.4274892 0.36907257 0.01364497 0.00708679 -0.02676766 149.68346602 0.24152766 0.24233699 0.04608145 0.04261989 0.05344011
0.42748989 0.36907261 0.01048608 -0.00057487 -0.03454969 149.95766069 0.19281835 0.1929734 0.04338313 0.0401757 0.0564363 
0.42704726 0.36511348 0.0077743 -0.00459155 -0.04082992 151.33241556 0.22348412 0.25615081 0.04035911 0.03767474 0.05500152
0.42682594 0.36510115 0.00706782 -0.00425144 -0.04249391 151.02324324 0.21031437 0.22737064 0.03886063 0.0363145 0.05649924
0.42682594 0.36510115 0.00682533 -0.00345373 -0.0410981 150.76518166 0.19172872 0.22541929 0.03882663 0.03613828 0.0549546 
0.42682594 0.36510115 0.005909 -0.00525852 -0.04051905 150.89579186 0.21115401 0.20868323 0.03889864 0.03593848 0.05568805
0.42682594 0.36510115 0.00456064 -0.0042749 -0.03712666 152.01690695 0.26099154 0.24275883 0.04002339 0.0360947 0.05461771
0.42682594 0.36510115 0.00349399 -0.0008335 -0.03449167 151.45533995 0.20698 0.22284189 0.04198244 0.03660929 0.05465078
0.42682594 0.36510115 0.00263388 0.00285581 -0.03321076 150.41003956 0.20958955 0.20966768 0.04414234 0.03718847 0.05500735
0.42682594 0.36510115 0.00322974 0.00373622 -0.03342066 150.74740462 0.2348718 0.23333872 0.04645407 0.03912548 0.04995874
0.42682594 0.36510115 0.00531443 0.00161445 -0.03412917 150.04865877 0.19691677 0.20937724 0.04720011 0.04124487 0.05617152
0.42682594 0.36510115 0.00706046 -0.00065561 -0.03506678 149.33204613 0.19038485 0.18970534 0.04881759 0.04377115 0.05504708
0.42682594 0.36510115 0.00648834 -0.00257447 -0.0367061 149.00033557 0.22369513 0.22303204 0.05104995 0.04597392 0.05868593
0.42682594 0.36510115 0.00517153 -0.00227777 -0.03548817 150.12494796 0.13792245 0.18698575 0.05197681 0.04629474 0.05824979
0.42682594 0.36510115 0.00430578 -0.00099578 -0.03646401 150.02146513 0.12168528 0.17608302 0.05097694 0.04497689 0.05515769
0.42682594 0.36510115 0.00442844 -0.00070833 -0.03844476 149.82836848 0.22345794 0.20531139 0.04897907 0.04321207 0.0532304 
0.42682594 0.36510115 0.00490458 0.00008451 -0.04079286 149.01771707 0.22371512 0.23982343 0.04840438 0.04269774 0.06105821
0.42682594 0.36510115 0.00742012 0.00266835 -0.0397782 149.40100401 0.19033281 0.18958764 0.05006271 0.04454274 0.05477975
0.42682594 0.36510115 0.00970341 0.00308303 -0.03757731 151.39022426 0.18781304 0.22116493 0.05031689 0.0454104 0.05649357
0.42682594 0.36510115 0.01067874 0.00305205 -0.03593018 151.77430613 0.25178683 0.25060779 0.04978812 0.04530029 0.0534092 
0.42682594 0.36510115 0.01065987 0.00285058 -0.03681338 151.43348375 0.20077777 0.23380051 0.04958773 0.0450784 0.05488941
0.42726857 0.36906028 0.01071929 -0.00010791 -0.03716136 149.59959893 0.19917332 0.21568449 0.04908366 0.04480086 0.05654917
0.42748989 0.36907261 0.01023323 -0.00795676 -0.03421603 149.94052154 0.1912431 0.1748051 0.04632325 0.04263815 0.05180799
0.42748989 0.36907261 0.00951037 -0.01612677 -0.02825066 151.2676436 0.22540201 0.22318342 0.04186201 0.03819917 0.05563134
0.42726925 0.36906032 0.01061307 -0.01747915 -0.02326212 150.52846907 0.23601905 0.2353116 0.03964943 0.0358159 0.06137093
0.42748989 0.36907261 0.01134479 -0.01732739 -0.01986987 150.70321828 0.21947569 0.23448438 0.03904307 0.03500534 0.05628863
0.42748989 0.36907261 0.01107104 -0.01869924 -0.01703769 150.66851031 0.19014805 0.22189581 0.0394287 0.03493946 0.05208124
0.42682663 0.36510118 0.01200127 -0.01571533 -0.01513867 152.03900815 0.25457215 0.27139022 0.04047485 0.03555003 0.05635983
0.42682594 0.36510115 0.0125162 -0.01321774 -0.01316358 151.87040528 0.23927355 0.25527186 0.04076596 0.03573398 0.05439947
0.42726857 0.36906028 0.01144347 -0.01381383 -0.01357097 151.1667953 0.2388257 0.25822835 0.0398762 0.03514581 0.06251399
0.42815315 0.37304404 0.00912514 -0.02198721 -0.01897139 149.26721006 0.22458476 0.24068847 0.03847653 0.03415004 0.05574757
0.42815384 0.37304408 0.00682209 -0.02895337 -0.02573655 149.53086638 0.22188184 0.22120009 0.03753186 0.03368052 0.05598219
0.42771121 0.36908495 0.00687124 -0.0290923 -0.02609346 151.58792828 0.27373376 0.27385262 0.03742662 0.03377997 0.05320731
0.42682663 0.36510118 0.00786849 -0.02154915 -0.01991741 154.74107406 0.25869169 0.28742806 0.03782588 0.03391085 0.05254487
0.42793183 0.37303171 0.00817275 -0.02034267 -0.01779255 149.4982943 0.22250762 0.20503722 0.03774878 0.0337923 0.06705701
0.42815384 0.37304408 0.00636795 -0.02591659 -0.02193029 148.41650852 0.35633086 0.38972335 0.0372122 0.03343249 0.05499016
0.42771121 0.36908495 0.00526284 -0.02842314 -0.02582632 150.14812686 0.32364794 0.33846734 0.03767639 0.03362569 0.05994318
0.42682663 0.36510118 0.00851948 -0.01590563 -0.02074272 152.14578535 0.25840229 0.2729089 0.04048282 0.03524612 0.05738112
0.42682594 0.36510115 0.01112422 -0.0032391 -0.0168047 152.36823816 0.31019915 0.29158858 0.0435835 0.03740304 0.05195749
0.42682594 0.36510115 0.01203757 0.00206609 -0.01883249 151.82219864 0.26266718 0.25748636 0.04549285 0.03901098 0.05593 
0.42682594 0.36510115 0.0119535 0.00268298 -0.02064833 151.12504756 0.2723849 0.25821146 0.04624676 0.03938793 0.05517387
0.42682594 0.36510115 0.01251961 0.00234833 -0.02130334 151.86474245 0.27207089 0.27020621 0.04615407 0.03893908 0.04913254
0.42682594 0.36510115 0.01351086 0.00148607 -0.02305446 152.2462479 0.25158869 0.2674819 0.04584195 0.0388633 0.05482009
0.42682594 0.36510115 0.01376132 -0.00288603 -0.02265695 152.24795565 0.20668574 0.24013728 0.04515008 0.03850543 0.05662646
0.42682594 0.36510115 0.01354589 -0.01055172 -0.02150187 151.96828617 0.27177229 0.27126783 0.04405622 0.03760416 0.05458923
0.42682594 0.36510115 0.0133328 -0.02306738 -0.01672842 150.41216706 0.17516923 0.15731631 0.04262207 0.03585285 0.05170099
0.42682594 0.36510115 0.01447821 -0.02953484 -0.01079692 149.6192501 0.15682313 0.17371662 0.04267964 0.0357191 0.04701172
0.42682594 0.36510115 0.01512206 -0.03505367 -0.00521639 149.36425275 0.14170565 0.12261549 0.04259458 0.03595569 0.05354875
0.42682594 0.36510115 0.01528071 -0.03720398 -0.0042273 149.64337606 0.15466692 0.15568249 0.04215648 0.03577631 0.05284458
0.42682594 0.36510115 0.01546772 -0.03763185 -0.00510378 149.07521591 0.15798202 0.19051493 0.0408019 0.03579756 0.04957666
0.42682594 0.36510115 0.01647528 -0.03267549 -0.01268829 149.75807157 0.08854092 0.1220041 0.04022354 0.03750462 0.0524407 
0.42682594 0.36510115 0.01574096 -0.03028717 -0.01681524 150.64627443 0.10539538 0.15590118 0.04107183 0.03924449 0.05409435
0.42682594 0.36510115 0.01442225 -0.02921134 -0.01795708 150.71841294 0.13812843 0.15418564 0.04191028 0.04053102 0.05333039
0.42682594 0.36510115 0.01313425 -0.02904782 -0.01940574 150.70919016 0.12194663 0.12232124 0.04261128 0.04092796 0.05263593
0.42682594 0.36510115 0.01277549 -0.02841682 -0.02080374 149.76281247 0.08761321 0.10613294 0.04353811 0.04128062 0.05661904
0.42682594 0.36510115 0.01312542 -0.0279216 -0.0235282 148.71032244 0.11788948 0.11716799 0.04486564 0.04254491 0.04953802
0.42682594 0.36510115 0.01444741 -0.02840778 -0.0229841 149.46772227 0.1367463 0.15390434 0.04527249 0.04341861 0.05420029
0.42682594 0.36510115 0.01555779 -0.02819961 -0.02031843 150.43476992 0.1407423 0.13998789 0.04507122 0.04381167 0.05637597
0.42682594 0.36510115 0.01511161 -0.02735972 -0.02074344 149.6399011 0.13850722 0.15565043 0.04541733 0.04421976 0.05341494
0.42682594 0.36510115 0.01374224 -0.02835053 -0.02408861 149.16353442 0.105547 0.11994056 0.04624528 0.04362581 0.05091127
0.42682594 0.36510115 0.01162856 -0.03677875 -0.03024067 149.89442952 0.13971723 0.14237472 0.04457966 0.03969607 0.05206006
0.42793183 0.37303171 0.00986768 -0.04753275 -0.03983944 140.1190922 0.18553353 0.17707955 0.04101654 0.03658287 0.06163314
0.42859646 0.37700321 0.00896806 -0.05612471 -0.05461081 135.32848924 0.2023048 0.22837012 0.03707545 0.03454891 0.06353525
0.42903842 0.37702784 0.01054628 -0.05455874 -0.07166531 136.71444693 0.15806823 0.15736671 0.03490411 0.03387677 0.05424615
0.42881779 0.37701555 0.01197351 -0.04770051 -0.0738583 138.08410481 0.15888991 0.17502464 0.03342015 0.03283945 0.05346866
0.42815453 0.37304412 0.00671389 -0.04802365 -0.06307865 141.12016156 0.15774599 0.15806542 0.03229445 0.03076994 0.05015674
0.42749058 0.36907265 0.00252262 -0.05312401 -0.05111842 145.29803853 0.15541497 0.17241692 0.03249073 0.03014716 0.05591102
0.42682663 0.36510118 0.00206763 -0.05447406 -0.03205296 150.39793882 0.20569809 0.22176587 0.03301819 0.02996741 0.05545319
0.42682594 0.36510115 0.00272309 -0.05426898 -0.0240622 150.3489275 0.2243972 0.22382026 0.03320994 0.02993087 0.0553813 
0.42793251 0.37303174 0.00425525 -0.05054497 -0.02543991 142.50649108 0.15704742 0.19179234 0.03395818 0.03039883 0.05862208
0.42815384 0.37304408 0.00532817 -0.05066952 -0.03856487 142.39929775 0.2245856 0.24093177 0.03353489 0.03028625 0.03949304
0.4279332 0.37303178 0.00761307 -0.05257115 -0.04418778 141.70342268 0.1219441 0.12855175 0.03299329 0.02998556 0.06020655
0.42859646 0.37700321 0.0075188 -0.05486951 -0.05237955 138.07244475 0.23723024 0.24395747 0.03203216 0.02959738 0.06587648
0.42992368 0.38494611 0.00489258 -0.05314612 -0.08293425 131.25334281 0.1975969 0.230826 0.02982298 0.02886729 0.05793572
0.42903979 0.37702792 0.00614338 -0.05133137 -0.09748776 137.58473753 0.17284089 0.22329381 0.02872979 0.02889999 0.04372912
0.42881779 0.37701555 0.01165862 -0.05108123 -0.09036525 137.61918471 0.19927136 0.20214912 0.02957332 0.0295145 0.05908806
0.42815384 0.37304408 0.01509217 -0.05352293 -0.05529784 141.56404911 0.22754473 0.24396689 0.03313535 0.03086269 0.04171689
0.42704795 0.36511352 0.01239294 -0.05692529 -0.03327439 148.88962355 0.19113896 0.20732663 0.03421991 0.03103038 0.05944907
0.42682594 0.36510115 0.00827582 -0.06213137 -0.02184954 148.31682305 0.15848247 0.19145659 0.03351227 0.03017426 0.05566686
0.42682594 0.36510115 0.00586486 -0.06634509 -0.01716412 148.11833107 0.19471683 0.21127404 0.03304399 0.02948851 0.0511375 
0.42682594 0.36510115 0.00673154 -0.06363289 -0.01592573 148.28263553 0.19468892 0.19417017 0.03361823 0.03013718 0.04950582
0.42682594 0.36510115 0.00856771 -0.05516385 -0.01036669 147.86568229 0.16167322 0.17797045 0.03553725 0.03167701 0.05326504
0.42682594 0.36510115 0.00897392 -0.04947382 -0.00360107 147.56449437 0.19555367 0.21277478 0.03680075 0.03252173 0.05097092
0.42682594 0.36510115 0.00729902 -0.0500748 -0.00258893 147.80216507 0.17532523 0.19136419 0.03659686 0.03200273 0.05346671
0.42682594 0.36510115 0.00600716 -0.05227701 -0.00249666 147.91923472 0.14398543 0.14316991 0.03588755 0.03116311 0.05496752
0.42682594 0.36510115 0.00422509 -0.05250195 -0.00416498 147.62879123 0.19367573 0.1919489 0.03570531 0.03106352 0.05529421
0.42682594 0.36510115 0.00236427 -0.05430093 -0.00861149 147.32338579 0.19084282 0.17424465 0.03560632 0.03138353 0.04973129
0.42682594 0.36510115 0.00306824 -0.05563702 -0.01006284 147.5339283 0.208664 0.22461482 0.03537493 0.03133652 0.041339 
0.42682594 0.36510115 0.00515276 -0.05576188 -0.0071859 147.4214367 0.12840417 0.16247519 0.03491681 0.03139894 0.05813248
0.42682594 0.36510115 0.00820072 -0.05727948 -0.00162745 147.20135869 0.12353828 0.15774201 0.03460389 0.03144262 0.0401138 
0.42682594 0.36510115 0.01169267 -0.06062166 0.00199044 147.46748794 0.19501146 0.21061811 0.03544345 0.03202223 0.04208387
0.42682594 0.36510115 0.01324641 -0.06174311 -0.00037516 147.56673067 0.16100904 0.16245852 0.03555309 0.03229919 0.05393063
0.42682594 0.36510115 0.01079678 -0.0650314 -0.00759882 146.65974226 0.19503097 0.19436311 0.03345929 0.03111384 0.054165 
0.42682594 0.36510115 0.00363457 -0.06901642 -0.01754264 146.27856986 0.24747 0.26476705 0.03135773 0.02953672 0.05529799
0.42682594 0.36510115 -0.00306627 -0.07332201 -0.02876389 145.94738778 0.25887029 0.2590315 0.02965353 0.0275497 0.04585661
0.42682594 0.36510115 -0.00218116 -0.07255716 -0.02745664 146.48699601 0.19612676 0.19534789 0.02967479 0.02709328 0.04359472
0.42682594 0.36510115 0.00403958 -0.06933735 -0.01834342 146.94005581 0.19617296 0.19539272 0.03092483 0.02810194 0.03661737
0.42682594 0.36510115 0.00771467 -0.06573156 -0.01136245 145.55322051 0.14586391 0.14611909 0.03259572 0.02972439 0.04419622
0.42682594 0.36510115 0.00190275 -0.06688689 -0.01921068 143.98666605 0.19618277 0.21445581 0.03492019 0.03152557 0.03618353
0.42726857 0.36138807 -0.00091627 -0.06078624 -0.02110353 143.59798049 0.01 0.01 0.03797535 0.03402863 0.05561289
0.42773933 0.35393882 -0.00001041 -0.04817638 -0.01490082 141.9371692 0.09769357 0.09915946 0.04293887 0.03814914 0.05573315
0.42797375 0.35021414 0.00230295 -0.03981112 -0.0059609 141.04297218 0.10007706 0.1341214 0.0468078 0.04120273 0.05755146
0.42685278 0.3613649 0.00678459 -0.04850704 0.01466636 142.56205666 0.147483 0.2010527 0.04427319 0.03958163 0.04360064
0.42706035 0.36137647 0.00818376 -0.05570919 0.02045888 142.94201622 0.09586296 0.1121654 0.04136758 0.03742306 0.04013444
0.42682594 0.36510114 0.01073018 -0.06747953 0.02986938 145.03378917 0.23804633 0.25240465 0.0346994 0.03266782 0.05313183
0.42682594 0.36510115 0.00983161 -0.06074128 0.02686193 146.04951215 0.2490598 0.26328819 0.03443005 0.03163779 0.04106242
0.42682594 0.36510115 0.00945747 -0.05066483 0.01822517 145.6156585 0.19912194 0.19941722 0.03507872 0.0309687 0.05167607
0.42682594 0.36510115 0.00987146 -0.04523517 0.01175351 146.00280819 0.26678304 0.2655396 0.03557339 0.03099029 0.03872454
0.42682594 0.36510115 0.0103921 -0.04937016 0.00133546 146.25436746 0.23600993 0.23806021 0.0338903 0.03002721 0.04060952
0.42682594 0.36510115 0.00853019 -0.05674606 -0.00409742 145.57575348 0.18440582 0.2191884 0.03191822 0.02875931 0.04068068
0.42682594 0.36510115 0.00341898 -0.06343321 -0.00861802 144.45546026 0.18528112 0.20092289 0.03055445 0.02727455 0.05091965
0.42682594 0.36510115 -0.00108154 -0.06803673 -0.00665439 144.01354103 0.2071903 0.23466761 0.03024313 0.0269537 0.05395161
0.42682594 0.36510115 -0.0007706 -0.06828699 0.00045948 144.10558629 0.18562374 0.1819077 0.03178239 0.02860208 0.05363801
0.42682594 0.36510115 0.00337706 -0.06557153 0.01004195 144.18689261 0.21353146 0.22660422 0.03394219 0.03109369 0.05362086
0.42682594 0.36510115 0.00675606 -0.06413383 0.01363531 145.27112583 0.10970194 0.14429394 0.03560795 0.03298541 0.04852474
0.42682594 0.36510115 0.00823913 -0.06832425 0.01194783 145.9375894 0.12828036 0.16061789 0.03550654 0.03292815 0.04647341
0.42682594 0.36510115 0.00943104 -0.07424771 0.01180258 145.94416741 0.12533843 0.1598141 0.03522395 0.03231434 0.05365464
0.42682594 0.36510115 0.00812324 -0.07991592 0.01129708 146.15532833 0.11084251 0.11144411 0.03415952 0.03092861 0.05066856
0.42682594 0.36510115 0.0005947 -0.08429105 -0.00104765 145.76282105 0.12710825 0.12647859 0.03202081 0.0289096 0.05657753
0.42682594 0.36510115 -0.00300777 -0.08487932 -0.01294913 145.06205569 0.1616234 0.18144774 0.03137096 0.02850592 0.0516724 
0.42682594 0.36510115 -0.00366872 -0.08301111 -0.02346781 144.74239186 0.16301493 0.21534475 0.03107193 0.02835821 0.03937218
0.42682594 0.36510115 -0.00379306 -0.08157416 -0.03201113 143.89113941 0.14509555 0.16187249 0.03056349 0.02767849 0.05462159
0.42682594 0.36510115 -0.00264244 -0.08118093 -0.03143363 144.45123745 0.16251906 0.17814943 0.03033725 0.02728012 0.05621705
0.42682594 0.36510115 -0.00209751 -0.08210777 -0.0255114 144.79930939 0.17933579 0.18180607 0.03016253 0.02760217 0.05164289
0.42682594 0.36510115 -0.00055533 -0.08225152 -0.01710077 145.14937134 0.14538093 0.17920258 0.03032087 0.02842434 0.0511941 
0.42682594 0.36510115 0.00064836 -0.0824077 -0.01258896 145.61421634 0.12712706 0.15943671 0.03077642 0.02888203 0.05330251
0.42682594 0.36510115 0.00519912 -0.081759 -0.0039945 146.25122222 0.17771379 0.19345322 0.03172231 0.02952833 0.05416275
0.42682594 0.36510115 0.0122966 -0.07686441 0.00315442 146.24192285 0.18116993 0.22777808 0.03424265 0.03159379 0.04925971
0.42682594 0.36510115 0.01270883 -0.07429838 0.00163142 146.10106091 0.19703833 0.2136832 0.03441066 0.0316387 0.05073524
0.42682594 0.36510115 0.01023183 -0.07532069 0.0015863 146.3814879 0.19359841 0.20913489 0.03319702 0.03027204 0.05844543
0.42682594 0.36510115 0.00597502 -0.07741455 -0.00054996 145.56847186 0.23144193 0.24893044 0.03188662 0.0289062 0.05856617
0.42682594 0.36510115 0.00298776 -0.07397689 -0.00168283 144.82845024 0.2831348 0.28054735 0.03196588 0.02926239 0.05209856
0.42682594 0.36510115 0.00098221 -0.07066385 -0.0025979 145.22740788 0.26430743 0.28017801 0.03192888 0.02967891 0.05021511
0.42682594 0.36510115 -0.00026699 -0.07077403 -0.00195325 145.10161956 0.19856713 0.18158619 0.03138692 0.02949814 0.04268445
0.42682594 0.36510115 -0.00084567 -0.07451767 -0.00552164 144.75392913 0.21353807 0.19734903 0.03138682 0.02916752 0.04933821
0.42682594 0.36510115 -0.00305701 -0.0784482 -0.01924139 145.15240267 0.21339385 0.21252817 0.03258521 0.02907245 0.04750952
0.42682594 0.36510115 -0.00418208 -0.07720739 -0.02330895 145.78724224 0.21518054 0.23145533 0.03328865 0.02902587 0.05190058
0.42682594 0.36510115 -0.00378991 -0.07529842 -0.02672971 144.50757766 0.23632545 0.27101371 0.03380703 0.02939604 0.0494173 
0.42682594 0.36510115 -0.0037171 -0.07611914 -0.02971529 142.76182963 0.27199141 0.23650482 0.03325976 0.02944633 0.05096525
0.42682594 0.36510115 -0.00457795 -0.08074384 -0.03431391 143.30240752 0.19753584 0.19743122 0.03155036 0.02845302 0.03889556
0.42682594 0.36510115 -0.00453767 -0.08068375 -0.03187499 145.27656384 0.16380911 0.16273186 0.03066158 0.02746215 0.04235567
0.42682594 0.36510115 -0.00297399 -0.07858419 -0.0221752 146.08155257 0.13010083 0.14609781 0.03016081 0.02683565 0.04858406
0.42682594 0.36510115 -0.00276426 -0.07788837 -0.02127065 146.02677837 0.1963363 0.21442261 0.0299653 0.02660367 0.04030251
0.42682594 0.36510115 -0.00250881 -0.07554923 -0.02156186 145.74210099 0.17916337 0.19629907 0.03030963 0.02732633 0.04097728
0.42682594 0.36510115 -0.00438025 -0.07149652 -0.03312447 144.0942053 0.23379844 0.23741006 0.03130121 0.02910581 0.04759597
0.42682594 0.36510115 -0.00571356 -0.06725715 -0.04195101 143.49104502 0.20214441 0.21967102 0.03224356 0.03130682 0.04433083
0.42682594 0.36510115 -0.00683575 -0.06575468 -0.04492117 143.88870699 0.1804065 0.19675088 0.03247138 0.03270089 0.05077735
0.42136687 0.36873139 -0.00566428 -0.06266108 -0.03767121 140.89457051 0.10459096 0.07365258 0.03345029 0.03440008 0.05560382
0.4215698 0.3687427 -0.00272742 -0.05733798 -0.02628969 140.65496792 0.23464231 0.26957387 0.03487562 0.03534977 0.04221084
0.42702887 0.36511245 -0.00148831 -0.05889504 -0.01864942 142.87519029 0.25299071 0.28782963 0.03417504 0.03345859 0.05093331
0.42682594 0.36510115 -0.0041522 -0.06477141 -0.02833983 143.24259143 0.16470129 0.19865925 0.03270908 0.03154861 0.03957998
0.42682594 0.36510115 -0.00680222 -0.06778125 -0.04082392 142.66485201 0.16438112 0.18199688 0.03267456 0.03128295 0.05162623
0.42682594 0.36510115 -0.00784523 -0.06797507 -0.04423791 142.80245096 0.16085663 0.17835607 0.03380233 0.03191266 0.05846339
0.42682594 0.36510115 -0.00852912 -0.06837855 -0.04793431 143.14076987 0.25493652 0.27350652 0.03427926 0.03230845 0.05057473
0.42682594 0.36510115 -0.0082041 -0.06694771 -0.04661892 144.04034157 0.12932115 0.14672325 0.03379951 0.03230976 0.05423848
0.42682594 0.36510115 -0.00623046 -0.06573557 -0.04341737 144.17433891 0.16090363 0.19404124 0.03259439 0.03159013 0.0589277 
0.42682594 0.36510115 -0.00313302 -0.06641058 -0.03396143 145.25474175 0.23736956 0.25157804 0.03109096 0.02969435 0.04921996
0.42682594 0.36510115 -0.0018826 -0.06964388 -0.02410027 144.94378221 0.19867624 0.19885627 0.03009171 0.02802823 0.05890049
0.42682594 0.36510115 -0.00109643 -0.07364148 -0.01621235 144.94109148 0.23450852 0.24846554 0.02980031 0.02707202 0.05414209
0.42682594 0.36510115 -0.0002529 -0.07604569 -0.01222365 144.933433 0.23118754 0.26543492 0.03122364 0.02751325 0.05232842
0.42682594 0.36510115 -0.00187378 -0.07803301 -0.01407052 144.49055332 0.24986696 0.26817848 0.03090595 0.02677009 0.04840047
0.42682594 0.36510115 -0.00374215 -0.07932731 -0.01741744 144.57302653 0.26454622 0.24944618 0.03029765 0.02612197 0.05340364
0.42682594 0.36510115 -0.00437382 -0.07959548 -0.02100913 143.68890006 0.23666474 0.2359131 0.03022901 0.02610305 0.04598171
0.42682594 0.36510115 -0.0044372 -0.07818945 -0.02275814 144.05124088 0.28597881 0.26811405 0.03080611 0.0265048 0.05268295
0.42682594 0.36510115 -0.00607081 -0.07758035 -0.0247894 144.68607397 0.19666096 0.19568773 0.03122518 0.02668385 0.04888653
0.42682594 0.36510115 -0.00691391 -0.07689168 -0.02595482 145.30099793 0.23554373 0.23465456 0.03118544 0.02685728 0.04964649
0.42682594 0.36510115 -0.00638246 -0.07473865 -0.02547098 146.06957246 0.19831363 0.19924846 0.03116973 0.02713886 0.05456872
0.42682594 0.36510115 -0.0047532 -0.07551583 -0.02280979 145.51625339 0.23821956 0.21746776 0.03026022 0.02674036 0.04661899
0.42682594 0.36510115 -0.00296215 -0.07757901 -0.02021232 145.16693838 0.23368446 0.24981325 0.0294648 0.0262336 0.04693082
0.42682594 0.36510115 -0.00250671 -0.08010876 -0.02187536 145.03716765 0.1990438 0.19714079 0.02845019 0.02553386 0.04824352
0.42682594 0.36510115 -0.00183295 -0.07901002 -0.02370587 145.06922485 0.21693805 0.21331398 0.02940499 0.02635228 0.04627599
0.42136687 0.36873139 0.00009682 -0.07519006 -0.01985123 140.42627959 0.1542472 0.17480341 0.03183651 0.02822526 0.06931101
0.41085396 0.37601446 0.00609284 -0.07193294 -0.01225891 131.77374549 0.15550711 0.18004753 0.0349269 0.03136944 0.06182935
0.40054463 0.38330887 0.01843737 -0.07992646 -0.0009411 123.83723188 0.20504422 0.20389058 0.04131736 0.03925416 0.05758594
0.40054526 0.3833089 0.01806074 -0.09287542 -0.00650137 127.71789225 0.12192873 0.16264368 0.04222432 0.04110272 0.05500654
0.40054526 0.3833089 0.00918599 -0.09828235 -0.02226614 132.28635606 0.23838138 0.23658508 0.03909806 0.03790345 0.05952697
0.40054526 0.3833089 -0.00134877 -0.09279841 -0.03585068 134.71822445 0.19246164 0.20830552 0.03644961 0.03462532 0.05719329
0.40054526 0.3833089 -0.00479371 -0.07812589 -0.02831118 136.36729813 0.25929371 0.22866334 0.03487939 0.03264382 0.0528073 
0.40054526 0.3833089 0.00081429 -0.06153956 -0.01002978 135.35095123 0.18363758 0.16412104 0.03250195 0.03070991 0.05046743
0.39892229 0.37928399 0.01369906 -0.04546466 0.0164819 134.62429201 0.24801078 0.26345146 0.03074197 0.02957521 0.05331861
0.39522706 0.37120913 0.01392426 -0.04769587 0.02582634 140.56927118 0.23654765 0.24960125 0.03288226 0.03090515 0.04914547
0.39153113 0.36313423 0.00842575 -0.05331542 0.02693144 146.50706468 0.20090643 0.19720311 0.03394291 0.03152879 0.05081031
0.39130543 0.36312166 0.00432694 -0.06038678 0.0303433 145.61462839 0.20146211 0.23449345 0.0328427 0.03034175 0.05352987
0.39130543 0.36312165 0.00506352 -0.06294698 0.03536221 147.2205828 0.19501358 0.23898804 0.03121039 0.0292389 0.04540467
0.39477566 0.37118398 0.00877624 -0.05856484 0.03755023 141.27597106 0.23929552 0.25368356 0.03117628 0.0299924 0.05121556
0.39847159 0.37925888 0.01185957 -0.06028386 0.03494663 137.42292385 0.24210361 0.24151043 0.03110112 0.03055188 0.05415689
0.40054456 0.38330887 0.01111892 -0.06831875 0.02747727 137.3969432 0.23237345 0.22897028 0.03159437 0.03073946 0.05716145
0.39707503 0.37524658 0.00679672 -0.07638387 0.02151397 141.08011908 0.1580624 0.16764589 0.03232515 0.03067362 0.04569987
0.3933791 0.36717168 0.0017321 -0.07805144 0.01752576 142.98132745 0.16494044 0.18150315 0.03168743 0.02978047 0.05177853
0.39130613 0.36312169 -0.00358202 -0.07553665 0.00923038 143.23679695 0.17226271 0.18820412 0.03002914 0.02796602 0.05168108
0.39130543 0.36312165 -0.00547183 -0.07332031 -0.00343516 143.13560004 0.1845652 0.20121593 0.02930575 0.02697465 0.04466832
0.39130543 0.36312165 -0.00752131 -0.0717948 -0.01811902 142.41811683 0.16738219 0.18724742 0.02956266 0.02640076 0.05513783
0.39130543 0.36312165 -0.01186207 -0.06959861 -0.02047252 143.90879056 0.13635512 0.16649301 0.02925287 0.0249514 0.05111607
0.39130543 0.36312165 -0.01342621 -0.06870061 -0.00827948 144.92191001 0.22039979 0.25280504 0.02837394 0.02418922 0.0476449 
0.39130543 0.36312165 -0.01030304 -0.06895653 0.00628514 144.1500607 0.23758079 0.25461201 0.02803012 0.02452864 0.05516507
0.39130543 0.36312165 -0.00549761 -0.06854429 0.01736442 143.6739364 0.22126342 0.2354365 0.02856499 0.02554219 0.04990367
0.39130543 0.36312165 -0.00359484 -0.06766733 0.01654512 143.24433671 0.20357835 0.22129635 0.02925116 0.02609078 0.05279144
0.38324948 0.37054164 -0.00122288 -0.06286372 0.00735457 138.54421677 0.21765405 0.18793975 0.02992517 0.02695066 0.06054442
0.38345719 0.37055322 0.00115664 -0.05975414 0.01173868 138.65604927 0.20645739 0.23848149 0.03018317 0.02767757 0.04800499
0.38758839 0.36684898 0.00046014 -0.0618664 0.01681191 140.77727089 0.27334422 0.27270565 0.02968333 0.02724948 0.04970335
0.39151314 0.36313323 -0.00174741 -0.06627333 0.0169577 142.98510412 0.24065123 0.25124359 0.02917196 0.02666327 0.04586574
0.39130543 0.36312166 -0.00281261 -0.07215867 0.01576906 142.73149617 0.22491958 0.23877563 0.02887223 0.02628 0.04709314
0.39130543 0.36312165 -0.00266587 -0.07401637 0.01416913 142.35406563 0.19236504 0.20585835 0.02912953 0.0264833 0.04907525
0.39130543 0.36312165 0.00058599 -0.0723701 0.01895637 142.73170636 0.20466756 0.23574364 0.03061389 0.0279399 0.04032598
0.38738067 0.3668374 0.00302309 -0.06750384 0.02056031 140.53647213 0.18511397 0.20161318 0.03189371 0.02943473 0.02961577
0.37932536 0.37425743 0.0063577 -0.06252423 0.0199461 138.68294776 0.25227218 0.21531567 0.0321142 0.03050699 0.05834269
0.37560832 0.37798475 0.0085043 -0.06118959 0.0199959 138.81685777 0.24603962 0.2598366 0.03208468 0.03141848 0.05644295